Year	Month	Oil[mill Sm3]	Gas[bill Sm3]	Condensate[mill Sm3]	oil equivalents [mill Sm3]	Produced water in field [mill Sm3]
1993	10	0.018566	0.000851	0	0.019417	0
1993	11	0.077096	0.003634	0	0.08073	0
1993	12	0.027472	0.001342	0	0.028814	0
1994	1	0.139025	0.006485	0	0.14551	0
1994	2	0.034638	0.001401	0	0.036039	0
1994	3	0.066299	0.002436	0	0.068735	0
1994	4	0.164993	0.006542	0	0.171535	0
1994	5	0.127326	0.005246	0	0.132572	0
1994	6	0.316229	0.014223	0	0.330452	0.000592
1994	7	0.341093	0.017709	0	0.358802	0.000651
1994	8	0.524849	0.028909	0	0.553758	0.005915
1994	9	0.517753	0.028766	0	0.546519	0.010965
1994	10	0.525817	0.029251	0	0.555068	0.013274
1994	11	0.524646	0.027001	0	0.551647	0.01597
1994	12	0.604314	0.031221	0	0.635535	0.017609
1995	1	0.361651	0.018746	0	0.380397	0
1995	2	0.53311	0.028819	0	0.561929	0
1995	3	0.495214	0.026962	0	0.522176	0
1995	4	0.53751	0.029422	0	0.566932	0
1995	5	0.649736	0.035375	0	0.685111	0
1995	6	0.361664	0.020124	0	0.381788	0
1995	7	0.671807	0.034366	0	0.706173	0
1995	8	0.654936	0.033351	0	0.688287	0
1995	9	0.6815	0.035051	0	0.716551	0
1995	10	0.683248	0.035104	0	0.718352	0
1995	11	0.660368	0.034126	0	0.694494	0
1995	12	0.680146	0.035794	0	0.71594	0
1996	1	0.666742	0.034222	0	0.700964	0
1996	2	0.681726	0.03519	0	0.716916	0
1996	3	0.734139	0.038098	0	0.772237	0
1996	4	0.614604	0.031598	0	0.646202	0
1996	5	0.402055	0.021558	0	0.423613	0
1996	6	0.726828	0.039291	0	0.766119	0
1996	7	0.747043	0.040773	0	0.787816	0
1996	8	0.737026	0.040144	0	0.77717	0
1996	9	0.723667	0.040101	0	0.763768	0
1996	10	0.784754	0.043348	0	0.828102	0
1996	11	0.771709	0.044082	0	0.815791	0
1996	12	0.85405	0.048872	0	0.902922	0
1997	1	0.892131	0.051325	0	0.943456	0
1997	2	0.779394	0.044601	0	0.823995	0
1997	3	0.7017	0.038235	0	0.739935	0
1997	4	0.868763	0.046158	0	0.914921	0
1997	5	0.655756	0.035053	0	0.690809	0
1997	6	0.866305	0.046319	0	0.912624	0
1997	7	0.904225	0.047215	0	0.95144	0
1997	8	0.946119	0.049726	0	0.995845	0
1997	9	0.934848	0.046404	0	0.981252	0
1997	10	0.949318	0.047096	0	0.996414	0
1997	11	0.948049	0.046695	0	0.994744	0
1997	12	1.005003	0.048557	0	1.05356	0.00118
1998	1	0.978812	0.048126	0	1.026938	0.001308
1998	2	0.881095	0.043819	0	0.924914	0.007034
1998	3	0.76545	0.037669	0	0.803119	0.014654
1998	4	0.957301	0.046978	0	1.004279	0.017983
1998	5	0.785619	0.037981	0	0.8236	0.0085
1998	6	0.929634	0.046928	0	0.976562	0.015606
1998	7	0.959745	0.047133	0	1.006878	0.017089
1998	8	1.009358	0.048092	0	1.05745	0.01916
1998	9	0.951888	0.044566	0	0.996454	0.01908
1998	10	1.008011	0.049681	0	1.057692	0.020878
1998	11	0.969919	0.048704	0	1.018623	0.020429
1998	12	0.997287	0.050107	0	1.047394	0.021702
1999	1	1.013416	0.050708	0	1.064124	0.021413
1999	2	0.917411	0.045945	0	0.963356	0.018593
1999	3	1.017673	0.050679	0	1.068352	0.023161
1999	4	0.993209	0.049426	0	1.042635	0.022607
1999	5	0.813445	0.040372	0	0.853817	0.01663
1999	6	1.011423	0.050804	0	1.062227	0.025053
1999	7	1.077744	0.055841	0	1.133585	0.025841
1999	8	1.098654	0.058093	0	1.156747	0.022763
1999	9	1.060814	0.059529	0	1.120343	0.01993
1999	10	1.084519	0.061585	0	1.146104	0
1999	11	1.010108	0.057131	0	1.067239	0
1999	12	1.04057	0.059061	0	1.099631	0
2000	1	0.870112	0.048947	0	0.919059	0.015538
2000	2	0.934997	0.05312	0	0.988117	0.017726
2000	3	0.986486	0.056737	0	1.043223	0.019629
2000	4	1.054308	0.059897	0	1.114205	0.021883
2000	5	1.064356	0.061235	0	1.125591	0.016318
2000	6	0.586732	0.033362	0	0.620094	0.010937
2000	7	1.070645	0.061496	0	1.132141	0.023595
2000	8	1.090485	0.062969	0	1.153454	0.020569
2000	9	0.988028	0.056788	0	1.044816	0.015783
2000	10	1.071971	0.061995	0	1.133966	0.025764
2000	11	1.046664	0.059323	0	1.105987	0.026047
2000	12	0.979383	0.055874	0	1.035257	0.024638
2001	1	1.095347	0.060967	0	1.156314	0.029628
2001	2	0.640141	0.037616	0	0.677757	0.01528
2001	3	1.080537	0.060364	0	1.140901	0.022687
2001	4	1.048719	0.058778	0	1.107497	0.016974
2001	5	0.557198	0.031342	0	0.58854	0.005084
2001	6	1.057944	0.058766	0	1.11671	0.022076
2001	7	1.089345	0.060353	0	1.149698	0.02869
2001	8	1.091835	0.062735	0	1.15457	0.025037
2001	9	1.032093	0.056892	0	1.088985	0.025704
2001	10	1.089311	0.060201	0	1.149512	0.026981
2001	11	0.983011	0.053956	0	1.036967	0.019526
2001	12	1.093707	0.061012	0	1.154719	0.011239
2002	1	0.897224	0.050405	0	0.947629	0.017406
2002	2	0.92999	0.050927	0	0.980917	0.020792
2002	3	1.03512	0.056979	0	1.092099	0.029041
2002	4	1.005936	0.056632	0	1.062568	0.044202
2002	5	1.019363	0.059767	0	1.07913	0.039828
2002	6	0.99764	0.056937	0	1.054577	0.04134
2002	7	1.014511	0.058813	0	1.073324	0.063204
2002	8	0.9562	0.054272	0	1.010472	0.086899
2002	9	0.93169	0.055606	0	0.987296	0.103934
2002	10	0.922042	0.052704	0	0.974746	0.143846
2002	11	0.900544	0.050817	0	0.951361	0.142517
2002	12	0.456932	0.024662	0	0.481594	0.09463
2003	1	0.697641	0.03861	0	0.736251	0.053285
2003	2	0.701277	0.041081	0	0.742358	0.126003
2003	3	0.774795	0.045205	0	0.82	0.189175
2003	4	0.773674	0.046532	0	0.820206	0.23209
2003	5	0.327668	0.018022	0	0.34569	0.047668
2003	6	0.620516	0.034382	0	0.654898	0.17837
2003	7	0.611529	0.034081	0	0.64561	0.197279
2003	8	0.618294	0.034508	0	0.652802	0.211706
2003	9	0.595917	0.03275	0	0.628667	0.208183
2003	10	0.604304	0.033313	0	0.637617	0.208322
2003	11	0.531615	0.029397	0	0.561012	0.20811
2003	12	0.576955	0.03177	0	0.608725	0.290582
2004	1	0.566682	0.031105	0	0.597787	0.312644
2004	2	0.505046	0.02824	0	0.533286	0.284042
2004	3	0.565496	0.031141	0	0.596637	0.345213
2004	4	0.672714	0.040037	0	0.712751	0.275652
2004	5	0.72481	0.040027	0	0.764837	0.318077
2004	6	0.757657	0.041417	0	0.799074	0.39579
2004	7	0.75099	0.042787	0	0.793777	0.473571
2004	8	0.725729	0.041686	0	0.767415	0.480744
2004	9	0.653141	0.037422	0	0.690563	0.453328
2004	10	0.694596	0.040141	0	0.734737	0.516793
2004	11	0.635872	0.035927	0	0.671799	0.470979
2004	12	0.554568	0.03206	0	0.586628	0.431388
2005	1	0.516768	0.029368	0	0.546136	0.285636
2005	2	0.568857	0.032914	0	0.601771	0.46456
2005	3	0.467438	0.026918	0	0.494356	0.340908
2005	4	0.569483	0.032759	0	0.602242	0.515975
2005	5	0.369597	0.02146	0	0.391057	0.257169
2005	6	0.587943	0.034079	0	0.622022	0.625205
2005	7	0.546339	0.032117	0	0.578456	0.592072
2005	8	0.499904	0.029373	0	0.529277	0.595486
2005	9	0.479056	0.027966	0	0.507022	0.5647
2005	10	0.488277	0.028629	0	0.516906	0.585941
2005	11	0.46148	0.027182	0	0.488662	0.570077
2005	12	0.463135	0.027427	0	0.490562	0.568848
2006	1	0.429483	0.025798	0	0.455281	0.507964
2006	2	0.402713	0.023939	0	0.426652	0.478183
2006	3	0.424042	0.025446	0	0.449488	0.498529
2006	4	0.400617	0.024135	0	0.424752	0.49793
2006	5	0.404988	0.024197	0	0.429185	0.495519
2006	6	0.307296	0.018526	0	0.325822	0.335791
2006	7	0.367323	0.023045	0	0.390368	0.430208
2006	8	0.353325	0.02209	0	0.375415	0.419111
2006	9	0.335036	0.020516	0	0.355552	0.368308
2006	10	0.364436	0.021673	0	0.386109	0.446531
2006	11	0.372075	0.021818	0	0.393893	0.459395
2006	12	0.388089	0.023109	0	0.411198	0.523059
2007	1	0.39044	0.022717	0	0.413157	0.567476
2007	2	0.356624	0.0204	0	0.377024	0.524732
2007	3	0.387773	0.022657	0	0.41043	0.551854
2007	4	0.323045	0.019491	0	0.342536	0.497057
2007	5	0.160489	0.008005	0	0.168494	0.115728
2007	6	0.372775	0.021157	0	0.393932	0.555532
2007	7	0.351334	0.020412	0	0.371746	0.582759
2007	8	0.367893	0.021811	0	0.389704	0.611367
2007	9	0.370092	0.021248	0	0.39134	0.655104
2007	10	0.350329	0.021146	0	0.371475	0.643479
2007	11	0.33981	0.020708	0	0.360518	0.574612
2007	12	0.353311	0.020548	0	0.373859	0.596519
2008	1	0.350576	0.020482	0	0.371058	0.646249
2008	2	0.296673	0.017602	0	0.314275	0.545084
2008	3	0.313154	0.018742	0	0.331896	0.590757
2008	4	0.326301	0.018888	0	0.345189	0.628905
2008	5	0.305629	0.018354	0	0.323983	0.547885
2008	6	0.267685	0.014245	0	0.28193	0.41352
2008	7	0.379251	0.020173	0	0.399424	0.546083
2008	8	0.370241	0.02055	0	0.390791	0.699326
2008	9	0.326265	0.015829	0	0.342094	0.602254
2008	10	0.420433	0.023129	0	0.443562	0.576353
2008	11	0.352485	0.019213	0	0.371698	0.487738
2008	12	0.331473	0.018144	0	0.349617	0.612719
2009	1	0.347756	0.019227	0	0.366983	0.612549
2009	2	0.320721	0.017553	0	0.338274	0.687851
2009	3	0.346112	0.019522	0	0.365634	0.743581
2009	4	0.275912	0.015873	0	0.291785	0.610585
2009	5	0.102174	0.009991	0	0.112165	0.145603
2009	6	0.344696	0.018332	0	0.363028	0.738681
2009	7	0.301318	0.016561	0	0.317879	0.7459
2009	8	0.273234	0.015404	0	0.288638	0.723833
2009	9	0.287579	0.016358	0	0.303937	0.767281
2009	10	0.265891	0.015179	0	0.28107	0.727153
2009	11	0.267087	0.014961	0	0.282048	0.713532
2009	12	0.265957	0.01533	0	0.281287	0.801591
2010	1	0.246968	0.014122	0	0.26109	0.764106
2010	2	0.151646	0.009085	0	0.160731	0.479586
2010	3	0.216838	0.012363	0	0.229201	0.547175
2010	4	0.203277	0.011547	0	0.214824	0.61387
2010	5	0.143558	0.007996	0	0.151554	0.411547
2010	6	0.206664	0.011911	0	0.218575	0.666421
2010	7	0.198698	0.012049	0	0.210747	0.670641
2010	8	0.210533	0.013327	0	0.22386	0.659098
2010	9	0.206302	0.01382	0	0.220122	0.649214
2010	10	0.218072	0.012498	0	0.23057	0.674695
2010	11	0.199891	0.011691	0	0.211582	0.664899
2010	12	0.206231	0.012272	0	0.218503	0.725635
2011	1	0.201854	0.01164	0	0.213494	0.757309
2011	2	0.180754	0.010611	0	0.191365	0.718334
2011	3	0.186874	0.011305	0	0.198179	0.681332
2011	4	0.194971	0.011535	0	0.206506	0.72201
2011	5	0.073198	0.004146	0	0.077344	0.205365
2011	6	0.168041	0.010108	0	0.178149	0.617265
2011	7	0.19229	0.011168	0	0.203458	0.648337
2011	8	0.213469	0.0123	0	0.225769	0.797567
2011	9	0.19023	0.011592	0	0.201822	0.790596
2011	10	0.206635	0.012032	0	0.218667	0.850143
2011	11	0.176315	0.010359	0	0.186674	0.733863
2011	12	0.18809	0.011389	0	0.199479	0.788826
2012	1	0.166506	0.010699	0	0.177205	0.755945
2012	2	0.171347	0.010343	0	0.18169	0.715067
2012	3	0.168752	0.010597	0	0.179349	0.72933
2012	4	0.176581	0.010704	0	0.187285	0.761791
2012	5	0.180075	0.010857	0	0.190932	0.815453
2012	6	0.143928	0.008837	0	0.152765	0.684499
2012	7	0.180326	0.010628	0	0.190954	0.884092
2012	8	0.174501	0.010534	0	0.185035	0.886186
2012	9	0.168796	0.010461	0	0.179257	0.803726
2012	10	0.169984	0.010468	0	0.180452	0.907834
2012	11	0.168233	0.010206	0	0.178439	0.77637
2012	12	0.155447	0.009565	0	0.165012	0.843799
2013	1	0.15592	0.009569	0	0.165489	0.868098
2013	2	0.13682	0.008237	0	0.145057	0.752339
2013	3	0.15913	0.009456	0	0.168586	0.892256
2013	4	0.159133	0.00964	0	0.168773	0.917026
2013	5	0.161177	0.009829	0	0.171006	0.959564
2013	6	0.147323	0.009091	0	0.156414	0.917855
2013	7	0.158659	0.009467	0	0.168126	0.954377
2013	8	0.1482	0.009322	0	0.157522	0.933749
2013	9	0.000381	0.000103	0	0.000484	0.001123
2013	10	0	0	0	0	0
2013	11	0.107217	0.006937	0	0.114154	0.433268
2013	12	0.134957	0.009326	0	0.144283	0.520691
2014	1	0.14612	0.009679	0	0.155799	0.79476
2014	2	0.117673	0.007915	0	0.125588	0.638589
2014	3	0.142304	0.008514	0	0.150818	0.65923
2014	4	0.14449	0.008489	0	0.152979	0.745667
2014	5	0.141368	0.00847	0	0.149838	0.780433
2014	6	0.141517	0.008609	0	0.150126	0.870031
2014	7	0.134937	0.008077	0	0.143014	0.884739
2014	8	0.127867	0.008246	0	0.136113	0.856655
2014	9	0.093404	0.005568	0	0.098972	0.598914
2014	10	0.198322	0.010842	0	0.209164	0.636133
2014	11	0.226075	0.01271	0	0.238785	0.856577
2014	12	0.191219	0.010893	0	0.202112	0.94989
2015	1	0.175228	0.010012	0	0.18524	0.997984
2015	2	0.14075	0.008156	0	0.148906	0.86293
2015	3	0.169405	0.009625	0	0.17903	1.090108
2015	4	0.165122	0.009275	0	0.174397	1.077046
2015	5	0.127068	0.007476	0	0.134544	0.903384
2015	6	0.144357	0.00853	0	0.152887	0.884653
2015	7	0.147662	0.008468	0	0.15613	0.78539
2015	8	0.140183	0.008053	0	0.148236	0.842804
2015	9	0.113944	0.006839	0	0.120783	0.70631
2015	10	0.135021	0.007843	0	0.142864	0.85032
2015	11	0.1276	0.007572	0	0.135172	0.842316
2015	12	0.134803	0.007938	0	0.142741	0.925693
2016	1	0.113829	0.007566	0	0.121395	0.856112
2016	2	0.115371	0.006834	0	0.122205	0.782692
2016	3	0.127378	0.007328	0	0.134706	0.92068
2016	4	0.113629	0.006645	0	0.120274	0.841739
2016	5	0.11277	0.006596	0	0.119366	0.836796
2016	6	0.093587	0.005615	0	0.099202	0.705337
2016	7	0.117055	0.00696	0	0.124015	0.8611
2016	8	0.102579	0.00621	0	0.108789	0.766479
2016	9	0.02226	0.001374	0	0.023634	0.112309
2016	10	0.120581	0.007003	0	0.127584	0.869421
2016	11	0.110712	0.006529	0	0.117241	0.857893
2016	12	0.127275	0.0078	0	0.135075	0.892739
2017	1	0.138637	0.008563	0	0.1472	1.06046
2017	2	0.100331	0.005904	0	0.106235	0.831937
2017	3	0.132498	0.007934	0	0.140432	1.028211
2017	4	0.119733	0.007397	0	0.12713	1.01345
2017	5	0.108993	0.006585	0	0.115578	0.94172
2017	6	0.115629	0.006651	0	0.12228	0.905049
2017	7	0.111964	0.006602	0	0.118566	0.893969
2017	8	0.113867	0.006825	0	0.120692	0.978985
2017	9	0.093273	0.006128	0	0.099401	0.824159
2017	10	0.109245	0.006574	0	0.115819	0.945389
2017	11	0.056176	0.003421	0	0.059597	0.438629
2017	12	0.138544	0.007797	0	0.146341	0.931958
2018	1	0.124526	0.007055	0	0.131581	0.953466
2018	2	0.103393	0.00617	0	0.109563	0.904237
2018	3	0.098345	0.005419	0	0.103764	0.769979
2018	4	0.058523	0.00356	0	0.062083	0.523943
2018	5	0.081962	0.004522	0	0.086484	0.520628
2018	6	0.085826	0.00508	0	0.090906	0.667791
2018	7	0.107097	0.006181	0	0.113278	0.943003
2018	8	0.10378	0.006229	0	0.110009	0.983704
2018	9	0.091618	0.005416	0	0.097034	0.877192
2018	10	0.059944	0.003568	0	0.063512	0.57592
2018	11	0.123921	0.007051	0	0.130972	0.992455
2018	12	0.120583	0.006944	0	0.127527	1.146811
2019	1	0.053355	0.003319	0	0.056674	0.546388
2019	2	0.103409	0.006157	0	0.109566	0.880846
2019	3	0.114721	0.006645	0	0.121366	1.062718
2019	4	0.099893	0.006185	0	0.106078	0.968758
2019	5	0.096569	0.00571	0	0.102279	0.89907
2019	6	0.080916	0.004757	0	0.085673	0.785386
2019	7	0.108679	0.006569	0	0.115248	1.100275
2019	8	0.104266	0.006317	0	0.110583	1.073314
2019	9	0.092092	0.005834	0	0.097926	1.032639
2019	10	0.097395	0.005762	0	0.103157	1.061862
2019	11	0.087457	0.005414	0	0.092871	1.04088
2019	12	0.091465	0.005631	0	0.097096	1.068986
2020	1	0.097576	0.005556	0	0.103132	1.056824
2020	2	0.088649	0.005147	0	0.093796	0.989299
2020	3	0.090876	0.005266	0	0.096142	1.073165
2020	4	0.090183	0.005216	0	0.095399	1.066891
2020	5	0.093114	0.005327	0	0.098441	1.100565
2020	6	0.065084	0.003855	0	0.068939	0.802834
2020	7	0.030657	0.001846	0	0.032503	0.335703
2020	8	0.09086	0.004586	0	0.095446	1.010163
2020	9	0.089343	0.004175	0	0.093518	0.983122
2020	10	0.085526	0.004282	0	0.089808	1.011387
2020	11	0.077014	0.003885	0	0.080899	0.976221
2020	12	0.086681	0.004207	0	0.090888	1.03026
2021	1	0.080152	0.004107	0	0.084259	1.009755
2021	2	0.076288	0.003901	0	0.080189	0.935966
2021	3	0.078847	0.004191	0	0.083038	0.990311
2021	4	0.07732	0.004036	0	0.081356	0.967181
2021	5	0.080874	0.00438	0	0.085254	0.996229
2021	6	0.073228	0.004072	0	0.0773	0.912353
2021	7	0.076206	0.004195	0	0.080401	0.969408
2021	8	0.073471	0.004178	0	0.077649	0.953025
2021	9	0.071376	0.004174	0	0.07555	0.913635
2021	10	0.080275	0.004469	0	0.084744	1.033963
2021	11	0.0729	0.004006	0	0.076906	0.913224
2021	12	0.081551	0.004552	0	0.086103	1.048244
2022	1	0.078394	0.004443	0	0.082837	0.934638
2022	2	0.071797	0.003981	0	0.075778	0.850747
2022	3	0.070632	0.004179	0	0.074811	0.872383
2022	4	0.078931	0.004355	0	0.083286	0.994233
2022	5	0.077222	0.004365	0	0.081587	1.043585
2022	6	0.072911	0.004168	0	0.077079	0.994238
2022	7	0.068106	0.00408	0	0.072186	0.944899
2022	8	0.077826	0.004327	0	0.082153	1.036678
2022	9	0.062101	0.004789	0	0.06689	0.828058
2022	10	0.070721	0.006157	0	0.076878	0.880595
2022	11	0.076533	0.006874	0	0.083407	0.971056
2022	12	0.075855	0.00647	0	0.082325	1.020733
2023	1	0.07792	0.006987	0	0.084907	1.047482
2023	2	0.065265	0.006273	0	0.071538	0.936034
2023	3	0.068212	0.006616	0	0.074828	0.970044
2023	4	0.062769	0.005871	0	0.06864	0.853315
2023	5	0.021657	0.001484	0	0.023141	0.264914
2023	6	0.069199	0.006899	0	0.076098	0.982396
2023	7	0.040278	0.003442	0	0.04372	0.567722
2023	8	0.079654	0.003841	0	0.083495	1.105928
2023	9	0.071445	0.00707	0	0.078515	1.043402
2023	10	0.072419	0.019985	0	0.092404	1.005672
